# unix_time, cycles_done, cur_path, paths_total, pending_total, pending_favs, map_size, unique_crashes, unique_hangs, max_depth, execs_per_sec
1588095761, 0, 0, 2, 2, 2, 0.16%, 0, 0, 1, 2285.71
1588095766, 0, 0, 41, 41, 2, 0.26%, 6, 0, 2, 3489.00
1588095771, 0, 0, 46, 46, 2, 0.26%, 6, 0, 2, 3689.69
1588095776, 0, 0, 55, 55, 2, 0.28%, 10, 0, 2, 3927.32
1588095781, 0, 1, 58, 57, 31, 0.28%, 14, 0, 2, 3368.40
1588095786, 0, 1, 59, 58, 31, 0.28%, 14, 0, 2, 3151.48
1588095791, 0, 1, 60, 59, 31, 0.28%, 14, 0, 2, 3326.30
1588095812, 0, 1, 66, 65, 31, 0.29%, 14, 0, 2, 3245.08
1588095822, 0, 1, 67, 66, 31, 0.29%, 14, 0, 2, 3357.81
